-----------------------
iris0-5-1
-----------------------
KNN,ENN,CNN,Tomek Links,OSS,LVQ 1,LVQ 2.1,LVQ 3,SGP,SGP 2,
100.0,100.0,71.43,100.0,96.43,100.0,100.0,100.0,100.0,100.0,
100.0,100.0,100.0,100.0,95.00,100.0,100.0,100.0,100.0,100.0,
100.0,100.0,0.000,100.0,100.0,100.0,100.0,100.0,100.0,100.0,
100.0,100.0,2.52,100.0,35.29,8.40,8.40,8.40,1.68,1.68



-----------------------
iris0-5-2
-----------------------
KNN,ENN,CNN,Tomek Links,OSS,LVQ 1,LVQ 2.1,LVQ 3,SGP,SGP 2,
100.0,100.0,33.33,100.0,100.0,100.0,100.0,100.0,100.0,100.0,
100.0,100.0,0.0,100.0,100.0,100.0,100.0,100.0,100.0,100.0,
100.0,100.0,100.0,100.0,100.0,100.0,100.0,100.0,100.0,100.0,
100.0,100.0,1.71,100.0,34.19,8.55,8.55,8.55,1.71,1.71,



-----------------------
iris0-5-3
-----------------------
KNN,ENN,CNN,Tomek Links,OSS,LVQ 1,LVQ 2.1,LVQ 3,SGP,SGP 2,
100.0,100.0,66.66,100.0,33.33,100.0,100.0,100.0,100.0,100.0,
100.0,100.0,100.0,100.0,0.0,100.0,100.0,100.0,100.0,100.0,
100.0,100.0,0.0,100.0,100.0,100.0,100.0,100.0,100.0,100.0,
100.0,100.0,2.56,100.0,33.33,8.55,8.55,8.55,1.71,1.71,



-----------------------
glass5-5-1
-----------------------
KNN	ENN	CNN	Tomek Links	OSS	LVQ 1	LVQ 2.1	LVQ 3	SGP	SGP 2	
97.6744186047	95.3488372093	95.3488372093	97.6744186047	81.3953488372	83.7209302326	83.7209302326	83.7209302326	97.6744186047	97.6744186047	
100.0	100.0	97.5609756098	100.0	82.9268292683	82.9268292683	82.9268292683	82.9268292683	100.0	100.0	
50.0	0.0	50.0	50.0	50.0	100.0	100.0	100.0	50.0	50.0	
100.0	95.8823529412	8.82352941176	98.8235294118	11.7647058824	5.88235294118	5.88235294118	5.88235294118	5.88235294118	3.52941176471	



-----------------------
glass5-5-2
-----------------------
KNN	ENN	CNN	Tomek Links	OSS	LVQ 1	LVQ 2.1	LVQ 3	SGP	SGP 2	
95.3488372093	95.3488372093	95.3488372093	95.3488372093	88.3720930233	86.0465116279	90.6976744186	93.023255814	93.023255814	93.023255814	
100.0	100.0	100.0	100.0	92.6829268293	85.3658536585	90.243902439	92.6829268293	97.5609756098	97.5609756098	
0.0	0.0	0.0	0.0	0.0	100.0	100.0	100.0	0.0	0.0	
100.0	96.4912280702	5.84795321637	100.0	9.94152046784	5.84795321637	5.84795321637	5.84795321637	2.92397660819	2.92397660819	



-----------------------
glass5-5-3
-----------------------
KNN	ENN	CNN	Tomek Links	OSS	LVQ 1	LVQ 2.1	LVQ 3	SGP	SGP 2	
97.6744186047	95.3488372093	95.3488372093	97.6744186047	93.023255814	83.7209302326	83.7209302326	88.3720930233	95.3488372093	95.3488372093	
97.5609756098	100.0	95.1219512195	97.5609756098	92.6829268293	87.8048780488	87.8048780488	92.6829268293	100.0	100.0	
100.0	0.0	100.0	100.0	100.0	0.0	0.0	0.0	0.0	0.0	
100.0	94.1176470588	8.82352941176	98.8235294118	10.5882352941	5.88235294118	5.88235294118	5.88235294118	2.94117647059	0.588235294118	



-----------------------
yeast6-5-1
-----------------------
KNN	ENN	CNN	Tomek Links	OSS	LVQ 1	LVQ 2.1	LVQ 3	SGP	SGP 2	
98.3050847458	98.6440677966	97.6271186441	98.9830508475	97.2881355932	88.813559322	88.813559322	88.813559322	98.9830508475	98.9830508475	
99.3055555556	99.6527777778	98.2638888889	99.6527777778	97.9166666667	88.5416666667	88.5416666667	88.5416666667	99.6527777778	100.0	
57.1428571429	57.1428571429	71.4285714286	71.4285714286	71.4285714286	100.0	100.0	100.0	71.4285714286	57.1428571429	
100.0	97.8614200171	6.41573994867	98.8023952096	8.98203592814	0.855431993157	0.855431993157	0.855431993157	9.49529512404	5.30367835757	



-----------------------
yeast6-5-2
-----------------------
KNN	ENN	CNN	Tomek Links	OSS	LVQ 1	LVQ 2.1	LVQ 3	SGP	SGP 2	
96.6216216216	97.6351351351	96.9594594595	96.9594594595	94.9324324324	86.8243243243	86.8243243243	86.8243243243	97.6351351351	96.2837837838	
98.615916955	99.3079584775	98.615916955	98.9619377163	96.5397923875	87.1972318339	87.1972318339	87.1972318339	99.3079584775	97.9238754325	
14.2857142857	28.5714285714	28.5714285714	14.2857142857	28.5714285714	71.4285714286	71.4285714286	71.4285714286	28.5714285714	28.5714285714	
100.0	98.1164383562	4.79452054795	98.801369863	7.19178082192	0.856164383562	0.856164383562	0.856164383562	5.82191780822	2.99657534247	



-----------------------
yeast6-5-3
-----------------------
KNN	ENN	CNN	Tomek Links	OSS	LVQ 1	LVQ 2.1	LVQ 3	SGP	SGP 2	
98.6486486486	98.9864864865	96.2837837838	98.6486486486	97.6351351351	86.4864864865	86.4864864865	86.4864864865	97.972972973	97.972972973	
99.3079584775	99.6539792388	96.8858131488	99.3079584775	98.2698961938	86.5051903114	86.5051903114	86.5051903114	98.615916955	98.615916955	
71.4285714286	71.4285714286	71.4285714286	71.4285714286	71.4285714286	85.7142857143	85.7142857143	85.7142857143	71.4285714286	71.4285714286	
100.0	97.5945017182	6.09965635739	98.4536082474	9.19243986254	0.85910652921	0.85910652921	0.85910652921	10.9965635739	5.84192439863	



